524
0.94503 0.11329
1.1327 0.19025
0.9439 -0.0044111
0.94656 0.14228
0.92519 0.26221
1.1118 0.4136
0.81575 0.46691
0.96601 0.30631
0.80655 0.45992
0.71181 0.55357
0.83549 0.58476
0.78186 0.64711
0.68142 0.62212
0.74819 0.67477
0.68251 0.63
0.71549 0.72334
0.62308 0.83761
0.45217 1.0251
0.49104 1.0869
0.48987 0.85132
0.40835 1.0926
0.31331 1.0193
0.089689 0.78134
0.15941 1.0996
-0.012438 0.96842
0.022464 1.0159
0.066415 0.8569
-0.047798 0.92105
-0.15017 0.97016
-0.059431 1.0506
-0.10109 1.0371
-0.25395 0.9639
-0.47779 0.88034
-0.42544 0.88133
-0.51394 0.87393
-0.46246 0.9582
-0.76606 0.72096
-0.5518 0.78199
-0.61864 0.85075
-0.56877 0.68247
-0.87477 0.74933
-0.7981 0.75556
-0.77556 0.39027
-0.76083 0.45089
-1.0226 0.44431
-1.0716 0.48753
-0.92149 0.25178
-0.97201 0.28192
-1.0875 0.25817
-1.1237 0.27094
-1.0949 0.15914
-0.97738 -0.1153
-1.1676 0.013798
-1.069 0.10359
-1.0618 -0.27824
-1.0122 -0.083821
-0.95683 -0.30226
-0.8849 -0.16959
-0.91851 -0.32619
-0.78108 -0.33852
-0.87909 -0.47596
-0.92097 -0.5949
-0.87268 -0.61526
-0.82456 -0.74001
-0.76258 -0.56747
-0.68424 -0.72074
-0.8633 -0.56069
-0.78501 -0.64751
-0.61554 -0.9996
-0.32699 -0.92792
-0.54942 -0.89369
-0.4423 -0.98242
-0.44632 -0.79549
-0.50356 -0.95793
-0.24102 -1.0262
-0.096152 -0.98675
-0.35027 -0.70244
-0.20712 -1.0147
0.053807 -0.9226
-0.11201 -0.94175
0.036098 -0.96743
0.093225 -0.85638
0.16993 -0.89765
0.24194 -0.93224
0.24838 -0.91655
0.44221 -0.86713
0.29105 -0.73815
0.34574 -0.95401
0.44463 -0.99778
0.42302 -0.85559
0.66742 -0.79693
0.76186 -0.72247
0.76894 -0.63891
0.8094 -0.53839
0.69973 -0.67019
0.77105 -0.55769
1.0236 -0.59074
0.933 -0.38817
0.86135 -0.28766
0.91551 -0.38899
0.85547 -0.21651
0.90008 -0.17495
1.0589 -0.11589
0.95201 0.027447
0.89684 0.0028412
4.2969 -0.46392
5.154 -1.2994
4.4488 0.16898
4.2477 0.18737
5.182 0.63319
4.3081 0.74774
5.4372 0.40679
5.6753 0.62184
5.675 0.63959
6.0748 0.5017
5.7083 0.64583
4.4799 0.25623
4.4957 1.1838
5.2626 0.9912
5.7921 1.7838
4.5305 0.83067
4.7978 0.73187
4.6496 0.77195
3.5989 1.4597
4.8192 1.2111
5.3565 0.56235
4.8835 1.6222
4.5034 1.1384
4.7506 2.1141
5.1605 2.5395
4.8013 2.1625
4.6182 1.8817
4.6624 0.85472
4.95 1.1525
4.5988 2.9845
4.557 2.4276
5.5388 2.1952
4.0834 1.6621
4.1806 2.8503
4.619 3.3202
4.5882 2.5841
4.4892 2.5834
4.6261 2.0352
3.7496 2.2885
4.2297 2.9992
3.8612 3.4167
4.1469 3.0953
3.8794 2.4987
4.5333 2.9271
3.6223 2.8199
3.3583 3.1668
3.6669 2.2769
3.2945 2.9554
3.7396 3.6671
3.2199 3.3229
3.3392 3.5902
2.9917 3.8639
2.568 3.8279
4.551 3.3196
3.0984 3.7181
4.141 3.0824
3.601 3.9154
2.9226 3.3926
3.0487 3.931
3.4222 4.0218
3.3866 4.0728
2.2032 3.8373
2.0391 3.0441
2.8846 4.5199
2.7011 4.9896
2.7995 3.9537
3.0658 4.7846
2.7188 4.4464
2.5436 4.3608
1.7713 3.7609
2.773 5.0065
2.6539 4.7172
2.966 4.5087
2.2694 3.7699
2.4028 4.3581
2.1286 5.118
1.376 5.7281
1.3181 4.9017
1.1944 4.5655
1.3807 4.64
1.7398 4.7754
2.2414 4.4673
1.6898 5.3055
0.81713 5.0688
1.3192 4.0603
0.80476 4.0008
1.5052 5.3256
1.0695 4.1652
1.4017 6.0757
1.9489 4.753
0.90354 5.3712
1.3531 5.5172
0.98886 5.5378
0.81021 4.2572
0.092515 5.0842
0.94747 5.5895
0.67507 5.3702
-0.6174 5.55
1.5465 4.8575
-0.13254 4.577
0.014291 5.2833
1.7065 4.8577
-0.0070636 4.0009
-0.26949 4.7333
0.55164 5.1475
0.32679 4.9831
-0.13851 4.4826
-0.013401 5.4662
-0.28609 5.2779
-0.79026 4.2703
0.60203 5.0432
-0.61037 4.5022
-0.35587 5.1605
-1.0712 5.5588
-0.90611 5.0205
-1.3417 4.5623
0.16615 5.3187
-1.0601 4.8421
-0.31383 4.8943
-0.89333 4.6331
-0.93923 4.9923
-1.1658 4.7503
-1.8482 4.6911
-1.8961 4.3929
-1.8783 4.435
-0.92162 5.0722
-0.76555 4.8496
-1.536 5.2093
-3.2702 4.4599
-1.5043 5.0773
-1.6455 5.2342
-1.7564 4.575
-1.4999 4.9914
-1.8836 4.097
-0.74922 5.0649
-2.165 5.8387
-1.6758 4.4764
-2.355 5.1765
-1.8272 3.9505
-2.2556 3.502
-2.3357 4.2216
-2.9144 3.6861
-3.8401 4.6482
-3.017 4.1401
-3.2176 3.9765
-3.2129 2.8054
-3.4884 4.817
-2.981 5.1345
-2.2803 3.8586
-2.9381 4.1455
-2.8546 4.0248
-3.3213 4.3803
-3.3579 3.5253
-3.4031 2.9102
-3.273 2.8205
-2.8889 4.6288
-3.873 3.518
-3.3644 3.7004
-3.202 3.5004
-3.6607 4.3784
-3.9003 3.3731
-3.9592 3.157
-3.8657 3.8521
-3.2713 3.1921
-4.9149 2.451
-4.2239 2.4349
-4.723 2.5911
-4.7503 2.8967
-3.6251 2.301
-4.7584 2.3529
-2.9433 2.4741
-4.2545 2.7082
-4.1529 2.073
-4.4639 2.328
-4.0773 1.8938
-4.6428 2.165
-4.6141 2.5428
-4.6929 2.6232
-4.6175 2.4371
-4.4384 2.0523
-4.8816 2.6273
-5.1727 2.2904
-5.2567 1.5533
-3.6385 1.5128
-4.8707 3.0512
-5.5415 2.3798
-4.3696 0.98229
-5.0487 0.48226
-4.408 1.3057
-5.0353 1.4075
-4.9793 1.2822
-4.4169 1.0464
-4.5073 0.81052
-4.9285 0.76247
-4.8162 1.4249
-4.0218 0.053011
-5.3229 2.5233
-5.6673 1.022
-4.0503 0.73903
-4.6781 1.5531
-5.1803 0.88154
-4.9274 0.19281
-4.4599 0.65169
-5.3339 0.31655
-4.6047 0.3153
-5.1225 -1.2373
-4.6404 -0.97461
-4.9963 0.43585
-5.8894 -0.37863
-3.985 -0.43613
-4.5406 -0.29803
-4.7781 -0.48916
-5.3481 -0.90434
-4.7257 -0.20351
-5.3544 -0.36594
-5.5032 -0.25053
-5.2634 -0.51192
-5.0501 -0.58659
-5.408 -1.11
-4.8057 0.34458
-4.6681 -1.0255
-5.3037 -0.63143
-5.4299 -0.77562
-4.4054 -0.063514
-4.0853 -0.99418
-5.6747 -2.0147
-5.5671 -0.82203
-4.4146 -1.027
-4.7016 -1.4186
-4.3404 -1.471
-4.72 -0.23155
-4.3206 -1.9329
-4.7895 -1.8165
-4.8995 -1.1395
-4.7687 -1.4494
-4.5042 -1.4002
-5.2248 -1.2341
-4.8983 -2.4991
-4.6826 -1.8551
-5.0572 -2.178
-4.3283 -2.1535
-5.3344 -1.4565
-3.9015 -1.5254
-4.6689 -2.8495
-4.4489 -3.412
-4.1535 -2.743
-4.5665 -1.9982
-4.8647 -2.7265
-3.9761 -3.022
-3.4825 -3.2376
-3.2208 -3.6835
-4.8296 -2.8832
-3.9976 -2.413
-4.8291 -1.823
-3.6744 -3.2317
-5.4743 -2.6033
-3.7428 -2.9243
-3.2978 -3.077
-4.0092 -2.6842
-3.0307 -2.3815
-2.76 -2.7695
-3.6884 -2.5462
-4.139 -2.8242
-4.2396 -3.4465
-3.1229 -3.9552
-2.4268 -3.6878
-2.8974 -2.4384
-3.4747 -2.7705
-2.8828 -4.4722
-2.5686 -3.8646
-2.6973 -4.6932
-4.2875 -3.9049
-2.9338 -4.2249
-3.3428 -4.4889
-1.9868 -4.5271
-2.8571 -3.7274
-2.2395 -4.5754
-2.5264 -3.9473
-3.4971 -3.911
-2.4659 -3.861
-1.7662 -3.8398
-2.4485 -4.4156
-2.8663 -4.3482
-3.1898 -4.8594
-3.2469 -3.5561
-2.861 -4.5792
-1.4927 -4.2667
-2.4055 -4.7417
-1.9998 -4.7721
-1.9089 -4.3736
-1.6039 -4.1718
-0.82744 -4.7057
-1.2792 -5.0765
-1.2715 -4.3993
-0.60538 -3.6861
-1.8481 -4.3756
-2.3235 -5.3048
-0.49675 -4.7752
-1.1962 -4.7808
-1.1249 -4.6031
-1.1804 -5.0659
-0.97719 -4.9711
-0.73899 -6.2076
-1.1477 -4.4522
-0.80403 -4.0197
-0.67495 -5.1297
-0.20845 -5.2954
-0.98638 -4.6172
-0.64853 -4.6919
-1.6539 -5.4708
-0.50248 -6.0137
-0.44469 -4.6636
0.39722 -5.0403
0.089213 -4.4003
-0.030534 -6.1286
-0.83614 -5.453
-0.48682 -4.6021
0.14107 -5.0784
0.39841 -4.9552
0.22548 -4.1956
-0.58772 -4.4389
0.34696 -5.5112
1.1188 -5.3971
0.20373 -5.5007
0.044544 -4.8989
0.10921 -5.0192
0.66884 -4.999
1.7472 -4.858
1.3035 -4.7438
-0.10494 -5.8127
0.37014 -5.5099
2.3896 -4.0563
1.278 -4.3511
2.468 -5.3056
1.9962 -4.9727
1.3252 -4.4796
1.1467 -3.8323
1.6503 -3.7996
1.8908 -4.4498
2.5067 -4.2744
1.6315 -4.741
1.5664 -4.7235
2.1796 -4.9217
2.0049 -4.8706
2.7447 -3.1913
2.4331 -4.5091
1.7802 -3.246
2.0163 -3.9628
2.4847 -4.977
2.3932 -4.775
2.2208 -4.2526
3.3252 -4.5496
2.9186 -5.0153
2.0401 -3.7385
3.3404 -4.1054
3.0726 -3.6789
3.1354 -5.0408
2.715 -3.9953
2.7061 -3.1941
3.2145 -3.3031
2.7791 -3.8068
2.6674 -4.063
4.0818 -3.986
3.4303 -4.1979
1.5752 -3.6072
3.2007 -3.7123
3.0688 -2.9011
2.6762 -3.798
3.9604 -2.5241
3.599 -3.656
3.8692 -4.1794
3.2999 -2.9387
3.537 -3.0503
4.1425 -3.1575
4.01 -2.93
3.4258 -2.4397
3.5084 -3.3051
3.6126 -2.4408
3.3717 -2.7606
4.5356 -2.636
4.0558 -3.1998
4.7265 -2.7066
3.6458 -3.2486
4.8886 -2.4881
5.0708 -2.4369
3.626 -3.1687
4.3958 -2.1465
5.5292 -2.5756
4.4202 -2.5206
4.8026 -1.9471
4.948 -1.7166
4.7166 -2.8377
4.7485 -1.5781
3.6326 -1.9943
4.8111 -2.1691
5.3926 -2.1596
5.4162 -2.509
4.615 -1.3808
4.7842 -2.3154
5.4164 -1.2416
4.1978 -1.6981
5.3255 -0.82406
5.1506 -1.6695
5.4566 -1.227
5.8553 -1.7027
4.7162 -0.57578
5.5451 -0.6196
5.5969 -1.1337
5.5538 0.39349
5.2246 -0.30214
5.1098 -0.70349
4.5945 -0.23538
4.7787 0.0048593
5.619 -0.87663
5.4293 -0.58198
5.3962 -0.14217
4.4939 -0.49005
5.1242 0.013034
5.2069 -0.04559
