356 171
363 129
344 170
368 224
377 166
337 108
319 133
327 172
335 224
347 369
358 320
332 369
346 421
365 377
327 302
318 346
304 393
318 432
350 266
391 270
441 276
496 275
516 239
525 277
514 322
586 204
559 251
571 276
558 295
576 362
613 257
613 310
501 104
503 87
475 62
420 54
366 55
326 58
336 72
320 502
306 524
330 540
387 533
453 518
490 485
484 467
558 119
612 149
654 188
696 233
702 291
695 357
649 399
596 441
539 458
260 67
170 73
89 114
38 170
9 251
19 334
51 400
104 462
178 496
249 506
264 92
154 106
114 263
139 414
240 443
705 0
640 139
637 480
698 605