328 236
339 190
317 236
337 283
351 234
317 159
301 198
296 242
296 295
322 425
335 384
312 426
334 475
345 436
299 377
295 419
290 461
313 487
319 341
362 342
406 344
456 340
486 285
498 340
482 386
551 233
527 313
538 335
525 361
543 428
585 303
584 359
442 121
462 103
437 78
401 60
345 45
293 62
305 87
306 513
300 528
328 537
370 532
416 521
458 505
461 494
496 135
562 157
621 199
674 247
699 327
673 399
611 430
557 467
512 482
234 79
163 89
95 124
47 180
12 259
11 344
42 420
90 474
160 513
230 523
221 149
117 175
108 330
120 460
205 488
708 1
622 145
625 471
686 605